123456789
456789123
789123456
231564897
567891234
894237561
342678915
915342678
678915342

123456789
456789123
789123456
231564897
567891234
894237561
342678915
915342678
678915342

123456789
456789123
789123456
231564897
567891234
894237561
342678915
915342678
678915342

123456789
456789123
789123456
234567891
567891234
891234567
345678912
912345678
678912345

123456789
456789123
789123456
234567891
567891234
891234567
345678912
912345678
678912345

123456789
456789123
789123456
567891234
891234567
234567891
345678912
912345678
678912345

123456798
456798123
798123456
234567981
567981234
981234567
679812345
812345679
345679812

123456789
456789123
789123456
891234567
234567891
567891234
678912345
912345678
345678912

123456789
456789123
789123456
891234567
234567891
567891234
912345678
345678912
678912345

123456879
456879123
879123456
234568791
568791234
791234568
687912345
912345687
345687912

123456798
456798123
798123456
981234567
234567981
567981234
812345679
679812345
345679812

123456798
456798123
798123456
981234567
234567981
567981234
345679812
679812345
812345679

123456879
456879123
879123456
234568791
791234568
568791234
345687912
687912345
912345687

