123469587
469587123
587123469
871234695
695871234
234695871
712346958
346958712
958712346

123598467
598467123
467123598
671235984
984671235
235984671
712359846
359846712
846712359

123654987
654987123
987123654
549871236
236549871
871236549
365498712
712365498
498712365

123456789
456789123
789123456
891234567
567891234
234567891
678912345
912345678
345678912

123546897
546897123
897123546
971235468
468971235
235468971
354689712
689712354
712354689

123478965
478965123
965123478
651234789
789651234
234789651
347896512
512347896
896512347

123456789
456789123
789123456
567891234
234567891
891234567
678912345
912345678
345678912

123465897
465897123
897123465
234658971
971234658
658971234
589712346
712346589
346589712

123587649
587649123
649123587
876491235
491235876
235876491
912358764
358764912
764912358

123569478
569478123
478123569
235694781
694781235
781235694
812356947
356947812
947812356

123498765
498765123
765123498
651234987
987651234
234987651
512349876
876512349
349876512

123459678
459678123
678123459
731284596
284596731
596731284
345967812
812345967
967812345

123586497
586497123
497123586
971235864
864971235
235864971
358649712
649712358
712358649

123458967
458967123
967123458
589671234
234589671
671234589
896712345
345896712
712345896

123574689
574689123
689123574
891235746
746891235
235746891
912357468
357468912
468912357

123546789
546789123
789123546
891235467
235467891
467891235
354678912
912354678
678912354

123478659
478659123
659123478
591234786
786591234
234786591
865912347
912347865
347865912

123459876
459876123
876123459
598761234
761234598
234598761
987612345
612345987
345987612

123456789
456789123
789123456
891234567
567891234
234567891
345678912
912345678
678912345

123487569
487569123
569123487
875691234
234875691
691234875
348756912
756912348
912348756

123564798
564798123
798123564
647981235
235647981
981235647
812356479
356479812
479812356

123469875
469875123
875123469
751234698
234698751
698751234
346987512
987512346
512346987

123476589
476589123
589123476
891234765
765891234
234765891
658912347
347658912
912347658

123654978
654978123
978123654
781236549
549781236
236549781
497812365
365497812
812365497

123459876
459876123
876123459
298761534
534298761
761534298
345987612
987612345
612345987

123596847
596847123
847123596
968471235
471235968
235968471
359684712
712359684
684712359

123548679
548679123
679123548
486791235
235486791
791235486
817962354
364857912
952314867

123587496
587496123
496123587
874961235
961235874
235874961
749612358
358749612
612358749

123498756
498756123
756123498
987561234
234987561
561234987
349875612
612349875
875612349

123469857
469857123
857123469
571234698
698571234
234698571
985712346
712346985
346985712

123584697
584697123
697123584
846971235
971235846
235846971
462718359
719352468
358469712

123469875
469875123
875123469
698751234
751234698
234698751
512346987
987512346
346987512

123598674
598674123
674123598
986741235
741235986
235986741
857412369
369857412
412369857

123568794
568794123
794123568
687941235
941235687
235687941
412356879
879412356
356879412

123496785
496785123
785123496
234967851
967851234
851234967
512349678
678512349
349678512

123465987
465987123
897123456
234859671
589671234
671234895
318596742
742318569
956742318

123489675
489675123
675123489
234896751
751234896
896751234
348967512
512348967
967512348

123485679
485679123
679123485
791234856
856791234
234856791
912348567
348567912
567912348

123547986
547986123
986123547
235479861
861235479
479861235
612354798
798612354
354798612

123475689
479683125
685129473
851234796
234796851
796851234
968512347
347968512
512347968

123487659
487659123
659123487
876591234
234876591
591234876
348765912
765912348
912348765

123648597
648597123
597123648
475981236
931276485
286435971
859712364
712364859
364859712

123495786
495786123
786123495
957861234
234957861
861234957
349578612
578612349
612349578

123645798
645798123
798123645
236457981
981236457
457981236
579812364
364579812
812364579

123589467
589467123
467123589
894671235
671235894
235894671
358946712
946712358
712358946

123469578
469578123
578123469
781234695
695781234
234695781
957812346
812346957
346957812

123497658
497658123
658123497
581234976
976581234
234976581
765812349
349765812
812349765

123574689
574689123
689123574
235746891
891235746
746891235
468912357
912357468
357468912

123645879
645879123
879123645
236458791
458791236
791236458
364587912
587912364
912364587

123579864
579864123
864123579
641235798
235798641
798641235
412357986
357986412
986412357

123564987
564987123
987123564
649871235
871235649
235649871
712356498
498712356
356498712

123459678
459678123
678123459
596781234
781234596
234596781
345967812
812345967
967812345

123567948
567948123
948123567
235679481
679481235
481235679
312856794
856794312
794312856

123584697
584697123
697123584
971235846
846971235
235846971
712358469
358469712
469712358

123645897
645897123
897123645
236458971
458971236
971236458
364589712
589712364
712364589

123576894
576894123
894123576
235768941
768941235
941235768
412357689
689412357
357689412

123487596
487596123
596123487
961234875
875961234
234875961
612348759
759612348
348759612

123496587
496587123
587123496
234965871
965871234
871234965
349658712
712349658
658712349

123478596
478596123
596123478
785961234
961234785
234785961
347859612
859612347
612347859

123458976
458976123
976123458
761234589
234589761
589761234
897612345
612345897
345897612

123489657
498657123
657123498
531248976
274936581
986571234
712394865
865712349
349865712

123574869
574869123
869123574
748691235
691235748
235748691
486912357
357486912
912357486

123597864
597864123
864123597
641235978
235978641
978641235
412359786
786412359
359786412

123469578
964578123
578123964
781235649
235694781
649781235
812356497
497812356
356947812

123576498
576498123
498123576
234761985
765984231
981235764
649812357
357649812
812357649

123547698
547698123
698123547
981235476
476981235
235476981
812354769
354769812
769812354

123465987
465987123
987123465
234659871
871234659
659871234
598712346
712346598
346598712

123478569
478569123
569123478
291634785
785291634
634785291
856912347
347856912
912347856

123467985
467985123
985123467
851234679
679851234
234679851
798512346
512346798
346798512

123574689
574689123
689123574
746831295
831295746
295746831
468912357
912357468
357468912

123548769
548769123
769123548
691235487
235487691
487691235
876912354
912354876
354876912

123596874
594873126
876124593
741235968
968741235
235968741
687412359
359687412
412359687

123546879
546879123
879123546
791235468
468791235
235468791
687912354
354687912
912354687

123547698
547698123
698123547
981235476
235476981
476981235
812354769
354769812
769812354

123586947
586947123
947123586
471235869
869471235
235869471
712358694
694712358
358694712

123587469
587469123
469123587
874691235
235874691
691235874
912358746
746912358
358746912

123586479
586479123
479123586
791235864
864791235
235864791
358647912
912358647
647912358

123589764
589764123
764123589
897641235
235897641
641235897
976412358
412358976
358976412

123495876
495876123
876123495
761234958
234958761
958761234
349587612
612349587
587612349

123458796
458796123
796123458
234587961
961234587
587961234
612345879
879612345
345879612

123485796
485796123
796123485
234857961
857961234
961234857
348579612
579612348
612348579

123574869
574869123
869123574
648791235
791235648
235648791
357486912
486912357
912357486

123648597
648597123
597123648
971236485
236485971
485971236
364859712
859712364
712364859

123587469
587469123
469123587
691235874
874691235
235874691
912358746
358746912
746912358

123597468
597468123
468123597
235974681
681235974
974681235
746812359
359746812
812359746

123456897
456897123
897123456
234568971
568971234
971234568
712345689
345689712
689712345

123476958
476958123
958123476
581234769
234769581
769581234
812347695
695812347
347695812

123568479
568479123
479123568
791235684
235684791
684791235
912356847
356847912
847912356

123459867
459867123
867123459
234598671
671234598
598671234
712345986
345986712
986712345

123568794
568794123
794123568
235687941
941235687
687941235
879412356
412356879
356879412

123467589
467589123
589123467
675891234
234675891
891234675
912346758
346758912
758912346

123645897
645897123
897123645
458971236
236458971
971236458
364589712
712364589
589712364

123596748
596748123
748123596
235967481
967481235
481235967
359674812
812359674
674812359

123456879
456879123
879123456
791234568
568791234
234568791
912345687
687912345
345687912

123478695
478695123
695123478
786951234
951234786
234786951
869512347
347869512
512347869

123547869
547869123
869123547
235678491
678491235
491235678
356784912
912356784
784912356

123485967
485967123
967123485
859671234
234859671
671234859
348596712
596712348
712348596

123546897
546897123
897123546
235468971
971235468
468971235
689712354
354689712
712354689

123564879
564879123
879123564
648791235
235648791
791235648
356487912
912356487
487912356

123495678
495678123
678123495
956781234
234956781
781234956
812349567
567812349
349567812

123594678
594678123
678123594
235946781
781235946
946781235
467812359
359467812
812359467

123589746
589746123
746123589
235897461
461235897
897461235
612358974
974612358
358974612

123478695
478695123
695123478
234786951
786951234
951234786
347869512
869512347
512347869

123648795
648795123
795123648
231487956
956231487
487956231
879512364
512364879
364879512

123456897
456897123
897123456
971234568
234568971
568971234
712345689
345689712
689712345

123587469
587469123
469123587
874691235
691235874
235874691
358746912
746912358
912358746

123467958
467958123
958123467
234679581
581234679
679581234
795812346
346795812
812346795

123579486
579486123
486123579
861235794
235794861
794861235
948612357
612357948
357948612

123584679
584679123
679123584
235846791
791235846
846791235
912358467
358467912
467912358

123578469
578469123
469123578
235784691
691235784
784691235
357846912
846912357
912357846

123579684
579684123
684123579
841235796
796841235
235796841
357968412
968412357
412357968

123547968
547968123
968123547
235479681
681235479
479681235
812354796
354796812
796812354

123476589
476589123
589123476
891234765
234765891
765891234
347658912
658912347
912347658

123459678
459678123
678123459
296781534
781534296
534296781
812345967
345967812
967812345

123574869
574869123
869123574
691235748
748691235
235748691
357486912
912357486
486912357

123596874
596874123
874123596
235968741
968741235
741235968
687412359
412359687
359687412

123647589
647589123
589123647
236475891
891236475
475891236
364758912
758912364
912364758

123496758
496758123
758123496
581234967
234967581
967581234
812349675
675812349
349675812

123496785
496785123
785123496
234967851
967851234
851234967
349678512
678512349
512349678

123469857
469857123
857123469
571234698
698571234
234698571
985712346
712346985
346985712

123645879
645879123
879123465
258791634
436258791
791436258
362584917
587912346
914367582

123597648
597648123
648123597
276481935
481935276
935276481
764812359
812359764
359764812

123469587
469587123
587123469
234695871
871234695
695871234
712346958
346958712
958712346

123485976
485976123
976123485
859761234
761234859
234859761
612348597
348597612
597612348

123497568
497568123
568123497
234975681
681234975
975681234
756812349
349756812
812349756

123589467
589467123
467123589
235894671
671235894
894671235
358946712
946712358
712358946

123598476
598476123
476123598
984761235
761235984
235984761
847612359
359847612
612359847

123567948
567948123
948123567
481235679
235679481
679481235
812356794
356794812
794812356

123586497
586497123
497123586
971235864
864971235
235864971
649712358
358649712
712358649

123479568
479568123
568123479
681234795
795681234
234795681
812347956
347956812
956812347

123496758
496758123
758123496
581234967
234967581
967581234
312849675
649375812
875612349

123548967
548967123
967123548
235489671
671235489
489671235
312754896
896312754
754896312

123586794
586794123
794123586
867941235
235867941
941235867
358679412
412358679
679412358

123486759
486759123
759123486
867591234
591234867
234867591
348675912
912348675
675912348

123657984
657984123
984123657
236579841
579841236
841236579
412365798
365798412
798412365

123589476
589476123
476123589
235894761
894761235
761235894
947612358
612358947
358947612

123465897
465897123
897123465
231658974
974231658
658974231
346589712
589712346
712346589

123457689
457689123
689123457
576891234
891234576
234576891
768912345
912345768
345768912

123586497
586497123
497123586
235864971
864971235
971235864
712358649
649712358
358649712

123654789
654789123
789123654
236547891
547891236
891236547
478912365
912365478
365478912

123468957
468957123
957123468
689571234
571234689
234689571
895712346
346895712
712346895

123469587
469587123
587123469
234695871
871234695
695871234
358912746
712346958
946758312

123486957
486957123
957123486
571234869
869571234
234869571
695712348
712348695
348695712

123576948
576948123
948123576
235769481
481235769
769481235
694812357
357694812
812357694

123647985
647985123
985123647
236479851
851236479
479851236
512364798
364798512
798512364

123469875
469875123
875123469
234698751
698751234
751234698
987512346
512346987
346987512

123475986
475986123
986123475
234759861
759861234
861234759
612347598
347598612
598612347

123456789
456789123
789123456
891234567
234567891
567891234
345678912
678912345
912345678

123497865
497865123
865123497
234978651
651234978
978651234
786512349
512349786
349786512

123495867
495867123
867123495
958671234
671234958
234958671
712349586
586712349
349586712

123649875
649875123
875123649
751236498
236498751
498751236
364987512
987512364
512364987

123598476
598476123
476123598
984761235
761235984
235984761
612359847
847612359
359847612

123597846
597846123
846123597
978461235
235978461
461235978
784612359
359784612
612359784

123457986
457986123
986123457
861234579
234579861
579861234
798612345
612345798
345798612

123487956
487956123
956123487
234879561
879561234
561234879
348795612
612348795
795612348

123478659
478659123
659123478
234786591
591234786
786591234
347865912
865912347
912347865

123456978
456978123
978123456
569781234
234569781
781234569
812345697
697812345
345697812

123498756
498756123
756123498
561234987
234987561
987561234
875612349
349875612
612349875

123496875
496875123
875123496
234968751
751234968
968751234
512349687
349687512
687512349

123584679
584679123
679123584
846791235
235846791
791235846
467912358
358467912
912358467

123476958
476958123
958123476
769581234
581234769
234769581
347695812
695812347
812347695

123496785
496785123
785123496
234961857
967854231
851237964
678512349
349678512
512349678

123548769
548769123
769123548
487691235
235487691
691235487
912354876
874916352
356872914

123574698
475698321
698123574
546981237
781235946
239746185
357469812
964812753
812357469

123476895
476895123
895123476
234768951
768951234
951234768
512347689
347689512
689512347

123594678
594678123
678123594
945786231
781235946
236941785
467812359
359467812
812359467

123469758
469758123
758123469
697581234
581234697
234697581
975812346
812346975
346975812

123548976
548967123
976123548
235489761
489671235
761235489
892716354
354892617
617354892

123596847
596847123
847123596
235968471
968471235
471235968
712359684
684712359
359684712

123589746
589746123
746123589
897461235
235897461
461235897
974612358
612358974
358974612

123468597
468597123
597123468
971234685
234685971
685971234
346859712
859712346
712346859

123648957
648957123
957123648
571236489
236489571
489571236
712364895
364895712
895712364

123579648
579648123
648123579
235796481
796481235
481235796
812357964
357964812
964812357

123647958
647958123
958123647
581236479
479581236
236479581
795812364
812364795
364795812

123475968
475968123
968123475
759681234
234759681
681234759
347596812
812347596
596812347

123594768
594768123
768123594
681235947
947681235
235947681
359476812
476812359
812359476

123467958
467958123
958123467
581234679
679581234
234679581
795812346
812346795
346795812

123597846
597846123
846123597
461235978
978461235
235978461
359784612
612359784
784612359

123458967
458967123
967123458
234589671
589671234
671234589
712345896
896712345
345896712

123654879
654879123
879123654
236548791
791236548
548791236
912365487
365487912
487912365

123468579
468579123
579123468
685791234
791234685
234685791
346857912
912346857
857912346

123478965
478965123
965123478
789651234
651234789
234789651
896512347
347896512
512347896

123596874
596874123
874123596
968741235
741235968
235968741
359687412
687412359
412359687

123457869
457869123
869123457
578691234
234578691
691234578
345786912
912345786
786912345

123569478
569478123
478123569
694781235
235694781
781235694
356947812
947812356
812356947

123584679
584679123
679123584
235846791
791235846
846791235
358467912
467912358
912358467

123498657
498657123
657123498
234986571
571234986
986571234
865712349
349865712
712349865

123547896
547896123
896123547
961235478
478961235
235478961
354789612
612354789
789612354

123564897
564897123
897123564
648971235
235648971
971235648
712356489
356489712
489712356

123458796
458796123
796123458
961234587
587961234
234587961
879612345
345879612
612345879

123498756
498756123
756123498
234987561
561234987
987561234
612349875
875612349
349875612

123546897
546897123
897123546
971235468
235468971
468971235
354689712
689712354
712354689

123597684
597684123
684123597
841235976
235976841
976841235
768412359
412359768
359768412

123645879
645879123
879123645
236458791
791236458
458791236
912364587
364587912
587912364

123647589
647589123
589123647
236475891
891236475
475891236
364758912
912364758
758912364

123567489
567489123
489123567
891235674
674891235
235674891
748912356
356748912
912356748

123457869
457869123
869123457
578691234
234578691
691234578
912345786
786912345
345786912

123476958
476958123
958123476
581234769
234769581
769581234
695812347
347695812
812347695

123579684
579684123
684123579
841235796
235796841
796841235
357968412
412357968
968412357

123657489
657489123
489123657
891236574
574891236
236574891
365748912
912365748
748912365

123495678
495678123
678123495
234956781
956781234
781234956
812349567
349567812
567812349

123479865
479865123
865123479
798651234
651234798
234798651
512347986
347986512
986512347

123564987
564987123
987123564
235649871
649871235
871235649
356498712
712356498
498712356

123496785
496785123
785123496
851234967
967851234
234967851
678512349
349678512
512349678

123598746
598746123
746123598
235987461
987461235
461235987
612359874
874612359
359874612

123479865
479865123
865123479
798651234
651234798
234798651
512347986
986512347
347986512

123584796
584796123
796123584
235847961
961235847
847961235
479612358
612358479
358479612

123579648
579648123
648123579
796481235
235796481
481235796
964812357
812357964
357964812

123475986
475986123
986123475
234759861
861234759
759861234
347598612
598612347
612347598

123456978
456978123
978123456
234569781
569781234
781234569
812345697
697812345
345697812

123486795
486795123
795123486
234867951
867951234
951234867
348679512
679512348
512348679

123647985
647985123
985123647
479851236
236479851
851236479
362798514
794512368
518364792

123457986
457986123
986123457
861234579
579861234
234579861
798612345
612345798
345798612

123574986
574986123
986123574
235749861
861235749
749861235
498612357
357498612
612357498

123578469
578469123
469123578
784691235
691235784
235784691
846912357
357846912
912357846

123497865
497865123
865123497
651234978
978651234
234978651
786512349
512349786
349786512

123645978
645978123
978123645
236459781
459781236
781236459
364597812
812364597
597812364

123649785
649785123
785123649
497851236
236497851
851236497
978512364
364978512
512364978

123597468
597468123
468123597
974681235
681235974
235974681
746812359
359746812
812359746

123459876
459876123
876123459
598761234
761234598
234598761
612345987
345987612
987612345

123476598
476598123
598123476
234765981
765981234
981234765
812347659
347659812
659812347

123654798
654798123
798123654
547981236
981236547
236547981
479812365
365479812
812365479

123485967
485967123
967123485
671234859
234859671
859671234
348592716
596718342
712346598

123457869
457869123
869123457
234578691
691234578
578691234
786912345
912345786
345786912

123469785
469785123
785123469
234697851
851234697
697851234
512346978
346978512
978512346

123467859
467859123
859123467
671594238
598231674
234678591
785912346
346785912
912346785

123469587
469587123
587123469
695871234
871234695
234695871
958712346
346958712
712346958

123479568
479568123
568123479
234795681
795681234
681234795
347956812
812347956
956812347

123486597
486597123
597123486
234865971
865971234
971234865
348659712
712348659
659712348

123479685
479685123
685123479
851234796
234796851
796851234
347968512
968512347
512347968

123456978
456978123
879123456
564781239
932564781
781239564
697812345
218345697
345697812

123469875
469875123
875123469
234698751
698751234
751234698
512346987
346987512
987512346

123649758
649758123
758123649
497581236
236497581
581236497
812364975
975812364
364975812

123597648
597648123
648123597
235976481
976481235
481235976
812359764
764812359
359764812

123574896
574896123
896123574
748961235
961235748
235748961
357489612
612357489
489612357

123498567
498567123
567123498
985271634
634985271
271634985
712349856
856712349
349856712

123485796
485796123
796123485
234857961
961234857
857961234
612348579
348579612
579612348

123647985
647985123
985123647
236479851
851236479
479851236
798512364
512364798
364798512

123475896
475896123
896123475
961234758
234758961
758961234
347589612
589612347
612347589

123497586
497586123
586123497
234975861
975861234
861234975
758612349
349758612
612349758

123486795
486795123
795123486
234867951
951234867
867951234
679512348
512348679
348679512

123478569
478569123
569123478
691234785
785691234
234785691
856912347
912347856
347856912

123567498
567498123
498123567
674981235
981235674
235674981
812356749
749812356
356749812

123574968
574968123
968123574
681235749
749681235
235749681
496812357
357496812
812357496

123458976
458976123
976123458
761234589
589761234
234589761
612345897
345897612
897612345

123479856
479856123
856123479
234798561
798561234
561234798
612347985
347985612
985612347

123657489
657489123
489123657
574891236
891236574
236574891
365748912
748912365
912365748

123594768
594768123
768123594
235947681
681235947
947681235
359476812
476812359
812359476

123549876
549876123
876123549
261735498
735498261
498261735
354987612
612354987
987612354

123546978
546978123
978123546
781235469
235469781
469781235
354697812
697812354
812354697

123596874
596874123
874123596
235968741
968741235
741235968
359687412
412359687
687412359

123654897
654897123
897123654
236548971
971236548
548971236
712365489
489712365
365489712

123459786
459786123
786123459
597861234
861234597
234597861
978612345
345978612
612345978

123547968
547968123
968123547
479681235
231475689
685239471
354796812
812354796
796812354

123549687
549687123
687123549
235496871
496871235
871235496
354968712
712354968
968712354

123658497
658497123
497123658
971236584
236584971
584971236
849712365
365849712
712365849

123458679
458769123
769123458
234597861
587631294
691284537
345876912
876912345
912345786

123546987
546987123
987123546
235469871
469871235
871235469
354698712
712354698
698712354

123485769
485769123
769123485
651234897
897651234
234897651
576912348
912348576
348576912

123459687
459687123
687123459
596871234
871234596
234596871
345968712
968712345
712345968

123596874
596874123
874123596
235968741
968741235
741235968
687412359
359687412
412359687

123495786
594786123
786123594
235947861
861532947
947861235
678214359
359678412
412359678

123549786
549786123
786123549
861235497
235497861
497861235
612354978
354978612
978612354

123584796
584796123
796123584
847961235
961235847
235847961
479612358
358479612
612358479

123589647
589647123
647123589
235896471
471235896
896471235
358964712
964712358
712358964

123459867
459867123
867123459
598671234
234598671
671234598
986712345
712345986
345986712

123459867
459867123
867123459
598671234
671234598
234598671
345986712
986712345
712345986

123658479
658479123
479123658
781236594
236594781
594781236
847912365
912365847
365847912

123596478
596478123
478123596
964781235
235964781
781235964
647812359
812359647
359647812

123549687
549687123
687123549
871235496
496871235
235496871
712354968
968712354
354968712

123497685
497685123
685123497
851234976
234976851
976851234
768512349
512349768
349768512

123479568
479568123
568123479
785631294
691284735
234795681
812347956
347956812
956812347

123465798
465798123
798123465
657981234
981234657
234657981
812346579
579812346
346579812

123479586
479586123
586123479
795861234
234795861
861234795
612347958
347958612
958612347

123546798
546798123
798123546
467981235
235467981
981235467
354679812
679812354
812354679

123589674
589674123
674123589
896741235
235896741
741235896
412358967
967412358
358967412

123645978
645978123
978123645
481236759
759481236
236759481
597812364
364597812
812364597

123546798
546798123
798123546
467981235
981235467
235467981
679812354
354679812
812354679

123496785
496785123
785123496
851234967
967851234
234967851
678512349
512349678
349678512

123648957
648957123
957123648
236489571
489571236
571236489
895712364
364895712
712364895

123467958
467958123
958123467
234679581
679581234
581234679
812346795
795812346
346795812

123568794
568794123
794123568
235687941
941235687
687941235
412356879
356879412
879412356

123458697
458697123
697123458
234586971
586971234
971234586
712345869
869712345
345869712

123598467
598467123
467123598
671235984
984671235
235984671
712359846
359846712
846712359

123654798
654798123
798123654
547981236
981236547
236547981
365479812
812365479
479812365

123468957
468957123
957123468
234689571
571234689
689571234
346895712
712346895
895712346

123574698
574698123
698123574
981235746
235746981
746981235
469812357
812357469
357469812

123497658
497658123
658123497
234576981
581934276
976281534
812349765
765812349
349765812

123654879
654879123
879123654
548791236
791236548
236548791
487912365
912365487
365487912

123586947
586947123
947123586
235869471
869471235
471235869
358694712
712358694
694712358

123487965
487965123
965123487
651234879
234879651
879651234
796512348
512348796
348796512

123468975
468975123
975123468
234689751
751234689
689751234
512346897
897512346
346897512

123594786
594786123
786123594
947861235
235947861
861235947
612358479
359472618
478619352

123586974
586974123
974123586
869741235
235869741
741235869
412358697
358697412
697412358

123475869
475869123
869123475
691234758
758691234
234758691
912347586
586912347
347586912

123487569
487569123
569123487
691234875
234875691
875691234
756912348
912348756
348756912

123584769
584769123
769123584
235847691
691235847
847691235
358476912
476912358
912358476

123476958
476958123
958123476
769581234
234769581
581234769
812347695
695812347
347695812

123594687
594687123
687123594
946871235
871235946
235946871
359468712
468712359
712359468

123456897
456897123
897123456
568971234
234568971
971234568
712345689
345689712
689712345

123467985
467985123
985123467
851234679
679851234
234679851
346798512
512346798
798512346

123589746
589746123
746123589
461235897
235897461
897461235
352974618
974618352
618352974

123649578
649578123
578123649
781236495
495781236
236495781
812364957
364957812
957812364

123579684
574683129
689124573
235796841
796841235
841235796
968412357
412357968
357968412

123648795
648795123
795123648
487951236
236487951
951236487
364879512
512364879
879512364

123547896
597826143
846193527
235978461
461235978
978461235
784612359
359784612
612359784

123587469
587469123
496123587
964235871
871946235
235871946
358794612
749612358
612358794

123564879
564879123
879123564
235648791
648791235
791235648
356487912
487912356
912356487

123568749
568749123
749123568
687491235
491235687
235687491
912356874
356874912
874912356

123657894
657894123
894123657
941236578
236578941
578941236
365789412
789412365
412365789

123564879
564879123
879123564
791235648
235648791
648791235
356487912
487912356
912356487

123567489
567489123
489123567
235674891
891235674
674891235
912356748
356748912
748912356

123648579
648579123
579123648
791236485
485791236
236485791
857912364
364857912
912364857

123586479
586479123
479123586
235864791
791235864
864791235
358647912
647912358
912358647

123475896
475986123
986123475
861247359
234859761
759361284
518632947
347598612
692714538

123478956
478956123
956123478
561234789
234789561
789561234
612347895
895612347
347895612

123657984
657984123
984123657
841236579
579841236
236579841
365798412
798412365
412365798

123597846
597846123
846123597
978461235
235978461
461235978
359784612
784612359
612359784

123647958
657928143
948153627
236579481
579481236
481236579
794812365
812365794
365794812

123498756
498756123
756123498
561234987
234987561
987561234
875612349
612349875
349875612

123498675
498675123
675123498
986751234
751234986
234986751
512349867
349867512
867512349

123647859
647859123
859123647
236478591
591236478
478591236
785912364
364785912
912364785

123457896
457896123
896123457
578961234
234578961
961234578
612345789
345789612
789612345

123647985
647985123
985123647
236479851
851236479
479851236
512364798
364798512
798512364

123586794
586794123
794123586
941235867
235867941
867941235
679412358
412358679
358679412

123578964
578964123
964123578
789641235
235789641
641235789
412357896
357896412
896412357

123568497
598427163
467193528
671235984
984671235
235984671
712359846
846712359
359846712

123654978
654978123
978123654
781236549
236549781
549781236
497812365
812365497
365497812

123589764
589764123
764123589
641235897
897641235
235897641
976412358
412358976
358976412

123549876
549876123
876123549
498761235
761235498
235498761
612354987
987612354
354987612

123657948
657948123
948123657
579481236
481236579
236579481
365794812
794812365
812365794

123578946
578946123
946123578
789461235
235789461
461235789
357894612
892617354
614352897

123574986
574986123
986123574
861235749
235749861
749861235
612357498
357498612
498612357

123496578
496578123
578123496
234965781
965781234
781234965
349657812
812349657
657812349

123468579
468579123
579123468
685791234
791234685
234685791
857912346
912346857
346857912

123465897
465897123
897123465
658971234
234658971
971234658
342586719
589712346
716349582

123476895
476895123
895123476
951234768
768951234
234768951
512347689
689512347
347689512

123649578
649578123
578123649
495781236
781236495
236495781
812364957
957812364
364957812

123475896
475896123
896123475
234758961
961234758
758961234
589612347
612347589
347589612

123469587
569187423
487523169
235694871
694871235
871235694
946712358
712358946
358946712

123568497
568497123
497123568
235684971
684971235
971235684
356849712
849712356
712356849

123587964
587964123
964123587
641235879
235879641
879641235
412358796
796412358
358796412

123576984
576984123
984123576
769841235
235769841
841235769
357698412
698412357
412357698

123576948
576948123
948123576
481235769
769481235
235769481
694812357
357694812
812357694

123587694
587694123
694123587
876941235
235876941
941235876
358769412
769412358
412358769

123657849
657849123
849123657
578491236
236578491
491236578
912365784
365784912
784912365

123567489
567489123
489123567
235674891
674891235
891235674
748912356
356748912
912356748

123475896
475896123
896123475
961234758
758961234
234758961
347589612
589612347
612347589

123475968
475968123
968123475
759681234
234759681
681234759
347596812
596812347
812347596

123549867
549867123
867123549
671235498
235498671
498671235
986712354
712354986
354986712

123485976
485976123
976123485
761234859
859761234
234859761
312648597
648597312
597312648

123589764
589764123
764123589
641235897
235897641
897641235
358976412
412358976
976412358

123569478
569478123
478123569
694781235
235694781
781235694
356947812
812356947
947812356

123576948
576948123
948123576
769481235
481235769
235769481
694812357
812357694
357694812

123478569
478569123
569123478
691234785
234785691
785691234
912347856
856912347
347856912

123467859
467859123
859123467
234678591
591234678
678591234
346785912
912346785
785912346

123576489
576489123
489123576
891235764
764891235
235764891
357648912
912357648
648912357

123645978
645978123
978123645
781236459
236459781
459781236
812364597
364597812
597812364

123574869
574869123
869123574
748691235
691235748
235748691
912357486
357486912
486912357

123584697
584697123
697123584
971235846
235846971
846971235
712358469
358469712
469712358

123574689
574689123
689123574
746891235
235746891
891235746
912357468
357468912
468912357

123648975
648975123
975123648
489751236
751236489
236489751
364897512
512364897
897512364

123647859
647859123
859123647
478531296
236498571
591276438
912364785
785912364
364785912

123465789
465789123
789123465
891234657
234657891
657891234
346578912
578912346
912346578

123598674
598674123
674123598
985741236
236985741
741236985
412359867
359867412
867412359

123486795
486795123
795123486
951234867
867951234
234867951
348679512
512348679
679512348

123496857
496857123
857123496
571234968
234968571
968571234
685712349
712349685
349685712

123654798
654798123
798123654
981236547
236547981
547981236
365479812
479812365
812365479

123469785
469785123
785123469
234697851
851234697
697851234
978512346
346978512
512346978

123576498
576498123
498123576
235764981
764981235
981235764
812357649
649812357
357649812

123654987
654987123
987123654
539871246
276549831
841236579
365498712
498712365
712365498

123495678
495678123
678123495
781234956
234956781
956781234
812349567
567812349
349567812

123654978
654978123
978123654
781236549
236549781
549781236
497812365
365497812
812365497

123456789
456789123
789123456
567891234
891234567
234567891
678912345
345678912
912345678

123498675
498675123
675123498
234986751
751234986
986751234
512349867
867512349
349867512

123548967
548967123
967123548
489671235
235489671
671235489
354896712
896712354
712354896

123468795
468795123
795123468
234687951
687951234
951234687
346879512
512346879
879512346

123476589
476589123
589123476
765891234
891234765
234765891
347658912
912347658
658912347

123478695
478695123
695123478
951234786
286751934
734986251
512347869
347869512
869512347

123658479
658479123
479123658
236584791
584791236
791236584
847912365
912365847
365847912

123658497
658497123
497123658
236584971
971236584
584971236
819742365
742365819
365819742

123594687
594687123
687123594
946871235
271935846
835246971
468712359
712359468
359468712

123574689
574689123
689123574
235746891
891235746
746891235
912357468
357468912
468912357

123568497
568497123
497123568
971235684
235684971
684971235
356849712
712356849
849712356

123498567
498567123
567123498
985671234
671234985
234985671
349856712
856712349
712349856

123568749
568479123
749123568
491235687
687941235
235687491
814792356
972356814
356814972

123465978
465978123
978123465
781234659
659781234
234659781
597812346
316547892
842396517

123497865
497865123
865123497
234978651
651234978
978651234
349786512
786512349
512349786

123586479
586479123
479123586
791235864
864791235
235864791
647912358
912358647
358647912

123456789
456789123
789123456
234567891
891234567
567891234
912345678
345678912
678912345

123569748
569748123
748123569
481235697
235697481
697481235
356974812
812356974
974812356

123657489
657489123
489123657
236574891
891236574
574891236
748912365
365748912
912365748

123495687
495687123
687123495
956871234
234956871
871234956
568712349
349568712
712349568

123567849
567849123
849123567
678291435
291435678
435678291
912356784
356784912
784912356

123548976
548976123
976123548
235489761
489761235
761235489
354897612
897612354
612354897

123594876
594876123
876123594
761235948
948761235
235948761
487612359
612359487
359487612

123548967
548967123
967123548
235489671
489671235
671235489
354896712
896712354
712354896

123645987
645987123
987123645
871236459
236459871
459871236
598712364
712364598
364598712

123597486
597486123
486123597
974861235
861235974
235974861
359748612
612359748
748612359

123496758
496758123
758123496
581234967
234967581
967581234
675812349
812349675
349675812

123457896
457896123
896123457
578961234
961234578
234578961
612345789
345789612
789612345

123478569
478569123
569123478
785691234
234785691
691234785
912347856
347856912
856912347

123479685
479685123
685123479
234796851
851234796
796851234
512347968
968512347
347968512

123465798
465798123
798123465
234657981
981234657
657981234
346579812
579812346
812346579

123496875
496875123
875123496
234968751
968751234
751234968
349687512
512349687
687512349

123586479
586479123
479123586
864791235
235864791
791235864
647912358
912358647
358647912

123456789
456789123
789123456
234567891
567891234
891234567
912345678
345678912
678912345

123465897
465897123
897123465
234658971
658971234
971234658
712346589
589712346
346589712

123487659
487659123
659123487
291534876
534876291
876291534
348765912
765912348
912348765

123596487
596487123
487123596
871235964
235964871
964871235
712359648
648712359
359648712

123645987
645987123
987123645
459871236
236459871
871236459
712364598
364598712
598712364

123497685
497685123
685123497
976851234
234976851
851234976
349768512
512349768
768512349

123496875
496875123
875123496
968751234
751234968
234968751
349687512
512349687
687512349

123587964
587964123
964123587
641235879
235879641
879641235
358796412
412358796
796412358

123468957
468957123
957123468
689571234
234689571
571234689
895712346
712346895
346895712

123456798
456798123
798123456
234567981
567981234
981234567
345679812
679812345
812345679

123587964
587964123
964123587
235879641
879641235
641235879
796412358
358796412
412358796

123485796
485796123
796123485
857961234
234857961
961234857
612348579
348579612
579612348

123479586
479586123
586123479
234795861
795861234
861234795
612347958
347958612
958612347

123479586
479586123
586123479
795861234
234795861
861234795
612347958
958612347
347958612

123495786
495786123
786123495
861234957
957861234
234957861
349578612
612349578
578612349

123654879
654879123
879123654
236548791
548791236
791236548
487912365
912365487
365487912

123498756
498756123
756123498
561234987
987561234
234987561
612349875
875612349
349875612

123576498
576498123
498123576
764981235
235764981
981235764
357649812
812357649
649812357

123476985
476985123
985123476
234769851
769851234
851234769
698512347
347698512
512347698

123567894
567894123
894123567
235678941
678941235
941235678
356789412
789412356
412356789

123574869
574869123
869123574
691235748
235748691
748691235
912357486
486912357
357486912

123576894
576894123
894123576
941235768
768941235
235768941
689412357
412357689
357689412

123468975
468975123
975123468
689751234
751234689
234689751
897512346
346897512
512346897

123547689
547689123
689123547
235476891
891235476
476891235
768912354
354768912
912354768

123598647
598674123
674123598
245936781
986741235
731285964
359867412
867412359
412359876

123467589
467589123
589123467
234675891
675891234
891234675
758912346
346758912
912346758

123458976
458976123
976123458
761234589
234589761
589761234
345897612
897612345
612345897

123465978
465978123
978123465
234659781
781234659
659781234
346597812
597812346
812346597

123578964
578964123
964123578
641235789
235789641
789641235
357896412
412357896
896412357

123495867
495867123
867123495
589671234
234958671
671234958
346582719
958716342
712349586

123458697
458697123
697123458
586271934
934586271
271934586
869712345
345869712
712345869

123475689
475689123
689123475
891234756
234756891
756891234
912347568
347568912
568912347

123647895
647895123
895123647
478951236
236478951
951236478
512364789
364789512
789512364

123648975
648975123
975123648
489751236
236489751
751236489
512364897
897512364
364897512

123489756
489756123
756123489
231897564
564231897
897564231
612348975
348975612
975612348

123579684
579684123
684123579
841235796
796841235
235796841
412357968
968412357
357968412

123457869
457869123
869123457
578691234
691234578
234578691
912345786
345786912
786912345

123459687
459687123
687123459
596871234
871234596
234596871
712345968
345968712
968712345

123476598
476958123
958123476
581264739
769531284
234789651
695812347
812347965
347695812

123459768
459768123
768123459
234597681
581634297
697281534
345976812
976812345
812345976

123578649
578649123
649123578
235786491
491235786
786491235
864912357
912357864
357864912

123597864
597864123
864123597
978641235
235978641
641235978
412359786
786412359
359786412

123594768
594768123
768123594
681235947
947681235
235947681
812359476
476812359
359476812

123489675
489675123
675123489
234896751
751234896
896751234
967512348
512348967
348967512

