000460507
469007000
080020069
800200095
600070030
004005070
010000908
340908002
050000300

000598400
098407120
467000098
001230904
084071230
035080000
700309806
359806700
006002350

000604900
004087003
087000604
009001006
230540800
001030540
365490002
000005090
090700300

123456789
006009023
709123450
090030567
567891030
030567890
678002045
000345608
340678912

120506097
546090023
007120506
971030008
060970035
205068971
050009710
089712050
012004609

020408900
478905123
965123408
650234080
089650230
234089651
040096512
012047800
806512347

120406009
456080120
009123450
507090034
234007890
090204560
078010305
910305670
340078012

023465897
400890103
897003060
230658001
001004658
658001230
580710346
702046009
340580012

123500600
500640023
009023580
070091230
490005870
005076000
900308700
358000002
700012358

100569470
560078023
478023560
230094701
604781235
781035094
812056907
300907802
947810356

103498760
008760103
765000490
051204907
980601004
004980651
500300006
800502040
309800502

023050008
409600103
000103400
700000096
004096701
590701000
340007800
002040007
007810340

123006497
506497100
097023506
901230004
864070235
200864071
308649710
609010058
712358049

123058907
408067023
960123008
580670204
204589670
071204089
896710005
345896712
002045896

023574609
004600120
689103504
800235740
740001235
235740800
912007400
350468912
400910057

103500089
546789123
009103006
091235467
030060890
067801200
050008910
900354600
670012054

023408650
478659123
600023408
591234086
000000034
204786591
865012300
010347865
347805912

103459876
400800023
876103009
500061230
761034098
204590061
087610300
602005087
340980610

100406780
456080103
009123406
090034500
507091204
234567001
305678010
912340678
078910345

023480509
080000123
569123007
875091234
004075601
601204005
340756910
006902048
912300750

003564790
504000000
090120504
640000035
005607000
901235647
802006400
050479012
470010056

123000075
069870023
070023409
001234698
230000700
690751004
340980502
980512306
010000080

023406089
476589023
509023400
891030765
065801200
034705891
058012307
047008912
912047050

100654000
600900123
970003604
000006540
549700030
230549081
097802065
360400802
002065090

123450006
400800123
000023050
000061034
000008700
700030008
005980012
980002340
602340007

103506847
590007003
800120090
000070205
071035000
205060471
059684710
700000080
084700309

103500009
000079103
079020040
086001230
035486001
000000400
007902000
304800902
900300067

100080400
080490020
006003500
074960200
000200004
205070901
040600300
050049600
012050049

023400000
008006120
000103098
907060230
000087001
560030900
040075602
002300800
870600040

103409850
009850020
857123469
501230090
090501234
204698571
080710306
012340900
346985702

120504697
080600123
607003000
806970230
970205806
030840970
400710050
700350460
358460012

020060805
000070100
005023060
698001204
750004690
000098000
002046980
987512046
000000010

100590070
090004023
600020008
080000235
740230006
200086000
007010300
300007400
010309807

003068090
560704120
004000500
600940205
900005600
230007040
412050809
800002000
000809012

123496780
496085103
700023496
004007801
900051030
851230967
512049070
600502349
309678502

023005900
005007123
007103000
204050601
009001230
600204000
300590702
000000000
006702308

020080670
489675100
000100409
204006751
051000000
006701030
008907012
500008060
960510308

100000070
485679120
670123485
091234056
856090204
200850091
912008507
000560910
567912308

120547900
000900023
080000000
005000000
060035409
470801230
600300790
000002004
054790002

000070680
400680100
685020070
801004790
004706050
090050030
060010007
340968510
500000900

123480009
480009120
000023480
006501004
204870091
501030806
340005900
760912048
002008760

120608090
000090103
097023048
000001036
000206480
206405000
059712004
010300009
360800012

100095780
490780100
786120495
957861200
034050860
060034957
040578012
570010300
610309508

100645708
645008123
098023600
036057080
901036407
450901036
509002004
360579812
012360509

023580407
589467003
400003589
800601235
671235090
205800670
358906712
006002058
702008040

003409078
069500023
500120009
701230090
005000204
030695080
950010306
000006900
000957000

023490658
497650120
050120090
580030006
906081230
000900581
060012309
340065002
810049760

020070009
504600003
080123074
005000001
890000706
706801205
408012300
010007000
350068900

120605809
640079003
009003640
206058701
000091036
791030400
004507902
587010304
002064500

020579860
570860120
864100079
001035090
230098041
798640235
400057006
057086412
986012057

023064080
060007120
987020504
049871235
800005600
235609870
712050490
000012050
356498012

123459678
009670020
678003459
596081204
701004596
200596780
305967012
812305960
960012340

100507048
567908023
048120060
230670081
070081030
401000670
012056794
056790002
090012050

123580000
500600123
600120084
971035040
040000035
030806070
710308400
050460010
409010058

100040890
645807120
097103640
206058971
408071206
071206400
304509712
509702004
700064509

103070800
006094000
090020576
000700900
708940005
041030060
000307009
680000050
300009400

023480006
007006100
096003407
000030800
070001200
004875061
602000759
009610040
308750600

100006007
406580103
007020400
200000070
065870204
000204900
040050700
010300058
008012000

103470090
070090003
006023408
000001204
061230085
230000900
007850002
800000340
010340059

023450970
408976023
906020408
760034589
230580061
509001030
897002305
012305807
300890600

120400607
408607120
007100090
000200006
204906001
986570034
010300805
065710000
009805712

123074800
070860123
060100004
040600000
690235740
230700691
406010057
350086902
002057400

000007060
097800103
804123597
001205070
230070601
978601235
010309086
086410350
009706000

120060008
064078023
008103004
700200009
235600001
040700235
802056090
097010000
000007012

100076090
570090103
008000006
230700980
060000030
080235064
049002350
300609012
802007040

120507098
047098003
008100047
901205400
000900030
205076901
800004700
300009002
009010054

023005980
405087120
087123405
230600001
870200650
059801234
090010346
702346090
046508710

000070069
470500103
500003000
091000780
005091000
004780000
006902000
007000910
910340850

120067900
060080120
900103460
001200079
070851200
234070851
790502006
010340798
340708502

120570609
070600000
000020004
040000205
001205700
005700001
068012057
902050008
000400002

103500069
040760023
760120040
600005480
035087090
087091205
076900304
912304876
000076000

103096870
590800120
800100500
041035068
060741000
005000741
600000359
309680002
402359080

120546870
506800120
879123540
791205408
060090235
230468091
007912350
354680012
912050080

023547098
540698123
098100507
080005470
230476081
076980035
012300709
004760012
769812354

100506047
580007003
047103506
471030069
800071030
200860401
710350600
600002308
050604702

023587060
580400123
409120580
874601035
230874091
690035070
902350046
746912308
350740912

123086409
086479023
079100506
791200064
804701005
200864791
058607902
902350640
607912358

123580760
509004123
700123580
097601035
200097641
641205097
970010358
402350076
358970402

103095076
095870123
876023490
761230958
030008700
908761204
009587612
612309587
587602300

123450790
408700120
096123458
204587061
061200587
087061230
012045879
879612345
005809002

003080796
080096000
096003085
004850900
800001030
901030007
048070612
500600040
010048070

020074060
500869003
800000500
008091205
091235048
200000000
057406010
406910300
002007480

003608090
608090123
597120640
071206405
036080971
085071030
064009010
809702060
012064850

120000069
080460003
069120500
690230070
870690035
030800091
010008000
350006910
046900058

120007468
507468123
408123500
205904081
081035904
974601235
006810059
350706810
802359046

003400097
450800100
807123450
234500001
000000034
070030560
712040680
000089700
609700300

023406958
476908103
900120076
501004069
234709581
760581034
812040690
600812307
340695012

120560400
068009123
000003000
701030084
030680700
004000005
900056007
000007002
847010306

120050860
000000100
067103009
004508600
070200090
500000204
002300980
005900710
086012000

120060004
060790123
704120060
030687941
940005680
687041030
870010356
410350809
350079000

100060009
407089123
580000060
005801034
034070890
801204600
012300008
340750010
700910346

123045897
040897120
890020640
058071230
036058071
971236400
064589710
010364589
580700304

100506708
096048023
708003090
035067001
007080205
480230067
350004810
802350070
600802300

100000000
050009023
079100450
790004008
500091200
200008700
010300600
687010005
000007910

120408695
070605120
695100400
786951204
001030086
200006051
869510307
347809012
000307809

020007000
500809023
809100507
000608090
600000205
490205070
056700000
000300784
004010006

120485907
405967103
067100480
859071230
034859670
670204859
348596712
096712008
012040506

020506097
500090003
007000006
030060901
900005068
460901000
000710054
304600702
702050000

003060079
504809103
070103064
048791230
005608090
091030608
006487012
902056087
400002300

023495078
495008120
008020495
956081204
004956701
781230956
810309567
560802340
349567002

023090678
090678103
678023004
005046780
781235946
906000205
407812359
050467800
812000467

103009700
009746120
046100080
235090061
400235097
800400205
602050904
904012050
350974610

103070605
408095000
690123478
200006951
086001234
951234000
307060012
800502047
002347069

000640790
608705003
095003000
230407950
050200487
407050000
809502000
000360079
364070512

123056800
456807023
000023456
900204568
230068901
068901004
702340609
340609710
680702340

100080000
007469120
400003087
870690030
600230804
200004091
008700010
000900350
912050046

020060900
067008000
900120467
034600001
500230679
000080000
700800306
040790000
012300790

023579486
509406123
486003500
061200704
035794861
704800205
948610350
010350048
057948612

100084070
084009023
070003000
030040700
001005806
846091205
900058060
300460902
067000300

123070460
578469123
000023070
200084091
691230080
704091235
350046912
046910300
902350046

103579680
509000120
680103509
841235096
000800205
235706801
307960410
068412350
012007908

123540908
540908020
960123547
205400601
001035070
479601235
012304790
304006810
790812054

020076589
006009000
089020006
001034700
030000800
760890230
300650010
050000300
012047608

000400008
050600003
678023450
090700004
001034090
034090780
810045967
040900000
060010040

123570860
570809103
009123504
690035748
748600205
030748690
357086912
900357406
006002057

123500870
006074103
870120506
200060700
068701035
701235960
687402050
410050607
009687410

003007580
600500103
000100000
206400000
000236405
405000230
364000010
000910300
002060058

103400058
090050000
708103006
501230000
204007080
900501234
000300605
675802349
340600000

123406080
096705123
080120406
034907850
907801234
801034900
300608502
678502309
502049608

023409057
060857103
807100069
071234608
690001200
204690571
905712346
012300005
306080012

020600879
040809000
079100005
008001000
000050091
091006058
060080910
500010300
900060500

020097008
597640100
000000590
000001000
481030076
005076401
060810350
010000004
309704800

000469587
460080020
087103060
230095071
871230095
600071034
002340008
340958702
950000040

023005070
400000120
970123400
859060000
700034009
004800761
612000090
000097000
097610008

020090560
490568120
568123490
230075680
681034970
075681004
756812349
349056812
000040700

020500460
580067103
467023509
235804001
000205004
804071030
058006002
906702350
702350046

123098076
508070003
000123590
084761205
061200980
200980701
007012309
300047612
612009007

023567948
567008020
940023567
480230609
035079481
679081030
812356704
006794012
704800350

003086400
500400123
097100500
070000800
804971035
230800071
600010058
300609700
702050040

120479560
070008123
568123409
600234090
795601234
234790681
012340906
307056010
056802347

123400008
490700020
050123406
581230067
000967581
960001200
002049670
040075012
075012040

103548000
500900123
060003548
030089670
071230400
480600235
012004890
896012004
050800012

120080094
080094100
794123586
867941205
005860041
940030807
358670412
002058079
079000000

123486750
486059123
009003406
867500234
590034860
230007501
000075902
912308670
675012348

123600900
050904123
084103057
006079800
579041236
800230079
410360008
360798400
708002365

003500400
589476103
406120589
235094061
800700005
760035894
947612358
012308047
300900002

123060090
005897123
800100005
230658070
970030658
008900200
340089012
089012300
010006509

100450680
007009000
600103457
070891004
800030506
030006890
008010005
012340768
340008010

100080097
086497000
097103586
230864971
060901030
071005804
712008049
040702008
008649002

023604780
650089103
089120600
236507890
540891236
801036500
478012365
900365070
065078902

120068957
468957100
050100408
080071234
571234080
230600501
895702300
340805012
002046895

103060080
069007123
000023000
000600000
801200690
605071230
058010006
010040908
040058010

120400900
086950120
950123486
071204860
060500034
234869071
605702300
700040695
348695710

023000940
076008120
040123070
030009000
400205709
069480000
604010057
350604810
010300000

103640005
000980120
905100640
036470001
000206409
079050200
502300700
300708010
008010300

123469875
469805103
800000009
230008751
698701034
001234690
007010346
502046900
346987012

120400006
000006120
980120070
000050800
750860004
060004709
600000590
000098002
598002007

120456780
056089120
089000400
000034507
230067090
560091004
005600012
070012305
910345608

003007005
407860003
005100490
030908051
600000970
908650000
706002009
500009780
300780500

100005800
405860103
800020090
058670204
070200000
030008071
000000000
086710040
309506700

123649875
049875120
800003600
051206498
006408701
490751230
304087500
087510304
512364987

003500470
508076003
076020590
984701205
001030004
000904701
612300040
800002000
000807612

003590806
597846023
840020590
908060030
230900461
401235970
700612300
359000012
012059784

103007000
050086100
006120050
001034509
000500001
509860004
098000005
602340708
040098602

023480050
407050103
900023480
204009500
870560204
000030070
300095012
010048705
090010040

000408650
478609023
659103408
004706590
591234086
006500230
047805912
860902300
900047065

123450078
456978100
900023006
569780034
230060780
780004560
802005097
697810345
340697802

103490750
408756003
700100408
560004907
004987501
080560030
875602340
009800610
002349800

123090870
090875120
070020006
204968750
000030008
968001204
512340600
300600002
600510349

023584079
584600123
070023500
046001035
205846791
791205806
460910058
308460900
912058460

023470050
400058123
050003006
709080004
581200000
000069581
300605810
695010300
002307000

103490005
090000023
005123096
030900050
007050230
851230000
600000309
349670002
002340608

103500060
040060103
009003008
000690005
035080001
091000400
902354070
800900300
050000910

120570690
000008020
098003000
040001230
080200040
230706080
007069000
000800050
802300460

023006805
470805023
005023076
000000900
008950034
951234760
502047689
040680002
680510340

000004678
594608100
000120500
040700200
701205946
030900080
007810050
359060802
800350067

120069700
060708023
750100460
697500000
500234607
000090581
975800340
002306970
300005002

023540076
040000003
000123508
205409061
480001005
700200480
800000354
304890000
010354800

120596807
096800103
807103096
235960001
960070035
400035960
712309080
600710309
350680710

003089746
580046120
706100000
000461005
230090061
061030097
070610008
602300070
350904612

020060090
000097123
507100400
970230085
000680001
680070204
346809012
800702340
700000800

120640007
008007120
957120648
571200089
206489500
400501236
712304895
060805702
095012060

100579608
579048123
648103500
235000401
090401230
081235796
802357904
357964810
064010007

123047050
600950103
058103647
581006400
409581230
006400501
790012364
810060090
060705010

120475960
075008123
908120070
009681204
234059601
080200050
007596810
812047590
590010007

120500060
500760103
700023094
600005907
947081205
000047000
309070810
070802350
010309400

023060958
067958000
908103460
501234670
679081034
200609581
095002306
810346790
346795810

123590000
090846123
846120597
061005978
078461235
205908400
359784612
610300000
004612359

123058900
400907023
967123458
204580670
580601204
671204589
010345800
896712305
345006010

020000870
054009000
800103650
006048701
000206040
548000200
010005487
360080000
080900060

023408570
460079120
509100460
085001230
091200605
200685790
306850002
002306857
857012300

103408905
478065023
900123408
080051200
051204709
234789651
890012340
007806012
512047800

023596074
590800003
870000500
968041230
001035008
230068741
059007400
680402350
410350087

023057069
457069003
009103400
500601030
200078091
690204508
340086002
012005780
006910345

020569478
509400023
008020060
694081230
230694700
080000094
350940800
040012350
010056047

103580079
080079103
079103504
035006791
701235006
046090035
308407910
407012058
002350400

123098057
400607023
607120098
034900571
070234900
086070204
865702340
049005012
002349805

120047096
007890023
890020507
900205470
070960235
235000060
304789602
600004089
080602350

120564800
500007123
807103560
048901205
200040901
971230040
712350480
306400012
080012306

123008706
408796023
700023450
060230587
587901230
030087900
070610300
345809602
602045879

103408756
408706020
056103490
234900501
560234087
007061204
602309005
870012349
340805610

123506807
006897123
007023006
971235408
035408971
068001205
354689712
680710054
710054680

003507600
590604123
684120007
840205900
235976841
970801235
060412309
012059700
350060412

103040000
605879123
070100645
236008791
700030058
450791006
912360080
300087912
087012300

103607009
000009120
580023007
000470800
890206470
475801236
064758910
910000708
050012064

123500489
500489103
089100007
800205004
074890230
235604091
708900056
306748002
902306708

003007860
450869020
809003050
008690030
034078001
090000578
910345706
086910045
005000002

120076900
070050003
000100076
500234069
004700080
760000030
600012000
040005000
810007690

003500604
579680120
084123579
841030006
030796841
096841205
357008400
002357968
968010357

003650489
657409120
489103650
891236070
570090236
006574091
305008912
912305008
008012365

120405078
490608003
070100095
234900780
050781204
081230006
800309507
340007810
567802300

023479860
000000023
865023070
090050200
651030790
004798650
012000980
000906002
986512307

023004900
564080123
080100064
035640801
609870235
801200600
056090702
700356498
098012000

100490085
096705120
785023490
850204067
060850230
234060051
078000340
049678512
510349070

023500040
000700000
740003598
030080460
080001030
401230907
602359800
000012309
059000002

123470005
479805123
800003479
798651204
650230790
034790051
510307906
980510047
047900510

000084000
504000023
790103004
205047060
060005000
007900235
000000050
002350400
308079600

020570008
500000123
048123009
006081230
200790001
480200706
900812350
802050000
007004802

000400980
475006020
086100070
000009800
000200059
759801204
300500600
590010347
602347000

023006000
400900003
008100456
200509700
560001000
001030569
000040097
607012040
305007002

103406790
480795123
705100406
230807050
807001230
901234860
348679512
600512040
510040609

000600080
007085003
905003047
479050230
000400001
050036009
060790510
790002000
500004790

023457906
457986103
980100450
060230579
570061230
234579060
708012000
612305798
305798612

123570986
504906103
080123074
235049861
061205049
040860200
098612357
057098002
612057490

120078069
078069103
409103000
784091035
600230080
035084091
040910050
350846012
902050846

003407805
097860020
860100400
600030900
970650230
034000600
086502049
002300000
300080012

023040008
640970120
900100640
230059781
059780030
080200009
360507002
800064597
507000300

103600700
600785123
705103640
407001206
030097051
850036407
900512364
364008510
012060008

020000400
000068103
468123507
900680235
600000074
200074000
740802309
050006802
012059040

123409870
059876103
806103450
598701034
061234508
230000701
610005007
345987612
087612305

103406590
470598123
590120470
200765080
705980004
981034765
802307659
307659810
009800047

123054708
004000120
098023604
507981000
001206540
006007981
009012065
365409810
802005079

103480967
000960003
967000400
670204850
004000601
050001030
048590700
090710340
702300590

023450009
057009120
809100450
200008091
691204500
570690234
080910305
910040706
045786910

123469085
469705120
080020469
004097001
851030697
697851230
512346078
340978500
008500340

003067800
467800023
800120407
070090030
500200670
234608091
080902346
046780002
012006080

103409087
460500003
000123469
005071234
871004605
004095001
908710340
340900010
002340008

120409560
000508103
068000070
000795080
000000200
681204790
307006810
010040906
900012007

023080097
406097120
500100400
030065901
800000200
971234065
008600710
702008609
609012008

020400600
470085100
605103079
801234096
004000001
096850004
347900010
060012340
010340960

100006008
450008120
070103400
060701200
000060701
081200500
097800300
010300600
040097000

123460875
000005120
800120009
204690750
608751034
701000090
000006980
306987012
987500300

120649000
049050103
700100649
490581030
030097081
501000407
800300005
070812064
364900012

003090640
590648000
048100597
230000480
000081200
481235006
002000060
704012300
050000812

120074096
070000100
896103070
740961235
961030700
030048060
057489602
610007089
089610050

103000007
408007000
000120498
900070030
034985001
000000085
002300000
806002009
300806712

123485096
080700023
700103480
034850060
901030057
050961004
612040579
008570012
500602008

023047085
047985123
085103047
236400051
000236479
479801006
790512364
512004098
360798510

100400096
470896003
806003075
060004750
034008000
750901034
307509002
500002007
610047089

020097506
407000023
506103490
030975001
075800230
861204975
700600340
340058000
612349758

120406090
086090123
795123486
234807901
001200860
860901034
670002348
502048609
348679500

003478560
400060100
509020470
690000005
005091030
230785090
806000300
910307850
040806910

103007090
507490100
000100560
004001000
901005674
200670980
800000749
740812006
306040000

123574908
574960103
900003574
680230709
049681235
235049001
096012057
057496810
802007496

020008976
058976120
006023008
761234580
580700200
030089761
012345890
300007602
097012045

100070856
470850023
850120009
204008500
098061230
560234098
000340080
347005012
980610347

103650480
057089120
480120657
570891036
801236500
236500800
305740912
748012060
012065748

023004768
590768100
008123594
035940681
001235900
947601230
050476812
476812009
010000476

100509870
540000003
076123549
061035408
005408060
400061005
054087602
002354007
980010354

023506008
506078103
908123546
081005069
230469781
460781230
050697012
697010054
802354690

120590804
506800103
074123590
230060700
000041235
741235908
309680410
002300080
687412350

020600007
654000020
800103000
030508900
901000040
008971236
700000409
409010360
360409010

020059080
459786123
780100459
590060030
860234590
034507861
900012345
340978610
612040970

123007968
000968123
068023000
009601200
230470080
680200470
304096802
000354706
796010300

103549000
540000100
007023549
200490000
490870235
800200096
304068702
700004900
908010050

100600490
600407120
497003008
001036000
236004000
000900236
049000060
300809012
702360040

020000009
450069020
009103058
030007001
507001200
600200507
040006900
806012005
002005000

123546907
000907003
907000506
230060071
069800030
001030460
304000002
000354698
608012000

100405760
480000023
009020000
600230007
000600030
204007001
506010048
002308500
008006000

023450087
450080003
080023050
596870034
070000090
200506800
340960000
900002045
012045960

100500074
006074120
074103000
205908740
900000030
001235068
007000309
300680410
402350007

000000080
504006103
700123004
235047001
000000040
007860035
008000359
350008000
010359070

020509006
540780120
086003540
800205407
230007000
407860035
010054900
354070612
008610004

020000006
580790120
006120580
840961005
060200847
205040000
009600358
308479012
012050000

003009600
009040100
607023000
000000400
470205096
090071000
008004700
060010350
702058900

003000867
459867000
007103450
090601004
204008670
600204508
900002040
710045980
045086710

020050060
009007000
807120459
000600034
071230500
230090070
300080000
006700045
012340086

023608000
650400023
000100008
000030004
236004700
004001200
807900065
002005000
000840902

020090478
090070003
478123006
904080005
035960781
700205060
600810309
012300607
059640800

120500687
000687123
680100000
870235496
496870230
200090800
700350068
008012350
350908702

123497085
007605103
685100407
051204906
230976851
976850034
068502309
512309708
300768512

103409500
079008020
500023470
700601004
001200705
234095080
002040050
047950802
950802040

003460790
465790003
098103465
657901200
080034607
204650981
812306509
500812346
046070010

100409506
070586023
086000400
090001004
204795801
061004005
000000900
340950012
008010047

120540090
040000020
090123546
407080235
200400080
001005060
004609800
009002050
812350000

020589070
589070020
070003089
000701030
235890001
041000096
412050900
007012308
008067002

103645978
640908000
908020645
080230050
059081236
036059000
597012064
300000012
810364097

123046790
046798100
790020506
467901235
901205467
230467900
079802304
354670012
012054670

020496085
406700123
780120006
001204967
967851234
034007000
678502000
512340678
000608512

120648950
600957100
957000648
206480571
400071230
571230480
805700064
360895710
712360895

003460050
007958103
958100460
034000581
009580004
081200670
802040090
795012046
000795802

000060700
568704120
704120500
235687900
000000087
680901205
000350079
350070400
879400306

000058690
058097023
697103058
234580971
580071234
001234080
010305009
860012345
305860712

023098400
508400120
407123598
000235084
984670235
235904670
010359046
000846702
846010309

123654798
650090120
790123650
047080036
981236047
230547900
365479812
812360070
070010065

020060950
400907003
950023460
204089571
071030680
000071000
046800012
012040800
090012040

103574608
074098023
008000070
901200706
200706980
700081200
409812300
812050009
000400802

020407058
090008020
050103490
200070081
500034076
076080004
010340065
705800300
049005800

003650800
050070120
070120054
048091236
000200540
036048000
480902005
002060080
000087902

003080947
506947023
907123080
200869471
860071005
071035809
058694712
710058090
690710358

123407905
080060100
900020407
000204000
004809651
870001200
096010340
010000000
340706510

123408905
468070103
005123408
234689701
051200009
609701234
502346897
097012346
340807002

120000700
004006023
086023094
047001000
005900001
060235907
010350400
309400600
470610350

123586070
500070123
970023080
060701205
035060741
741235800
412358097
350007002
090410308

123070800
075869123
809123475
601234050
750090234
004008690
910347580
586902340
040000912

003407569
480509003
569023407
690004805
034075091
805601204
050912048
912348056
000000010

120580060
004709123
769023504
035040691
690235000
807601235
350470912
400002058
912358006

123076950
076050023
000123406
769501034
004709081
581234769
802347095
605810300
347605812

103504687
094687120
687103590
046801230
801200946
235940071
059468002
460702350
712350468

020456097
050890000
897003056
508071200
204560901
001004568
702345689
045680702
000000040

123460900
060905100
005100467
050200600
600051030
234079051
340790002
002000790
008010300

003080700
580046023
006003009
060030007
005807061
007061200
350970010
004000050
610300974

100640578
640508000
508023649
780000005
490701236
030495001
012304957
060907002
007000360

023509600
500680020
600000000
205006040
700040230
800235790
000002050
410007908
307968012

123048790
000095003
090020648
087001206
236407951
900036080
364879510
500360870
079002360

000000806
500806003
846103000
000070060
401200008
078060205
780002300
350080002
000000704

100087000
087400120
000003507
960005870
070900005
030800000
350000010
009610300
010308700

020564070
564809103
009100564
205608001
048701235
701035048
306087902
487910306
010350407

120568749
068009020
749120060
007491205
490235687
035007090
002350870
356804910
074910356

123000004
000890123
890123007
901236578
230500900
008900030
300700400
089412065
402300780

023564870
064879023
879003564
701035048
205648791
608790200
006087902
407910350
910356480

023500080
007009020
080103067
005670890
800005604
600090000
010006700
056748000
700000306

103040500
640079103
070023040
790200480
405791030
200005701
850902364
060057010
900000007

003086470
080070003
470003086
005860791
091200060
000090030
000607902
047010308
912050600

023000000
400900023
080123075
860200059
200000060
009001004
000602047
307098000
602000500

100000056
070956000
950003008
560030780
000080060
009560004
610007890
090610040
007800600

023657084
600904123
984023607
041036579
079841230
236070800
365798012
090410365
012300098

003590806
590806100
840100590
070001205
205008001
460235078
300084612
780600050
012059080

020607900
050008100
048100607
206500481
570000030
080206070
700000060
012305094
065004002

123408750
090756123
756103090
501004087
204907500
980560230
875612049
610349075
309070012

120098605
498075123
605103008
080700204
751200986
234986051
012349067
309867502
867002349

123647809
600809120
850103607
236008591
590036470
070091200
785912360
304080910
910364780

123457000
007090100
090103457
578901234
230078060
000204000
600305089
305780602
709012305

020647980
607080103
005120040
000470800
851000409
479851236
510304798
304000502
790012000

103086094
586794020
700100586
040200067
035867001
867900235
079410050
010058679
358670410

103078900
078060023
960023578
080601230
205009040
601235789
402350806
057806012
806402307

023500007
090400103
460003508
671230984
004070030
005080600
702059800
800010059
309046010

003054008
650900023
008023604
701230509
200040701
049081030
090012300
810060007
360407800

023580704
089004023
000120509
041200890
890041235
200890001
070410058
012358970
350070400

003540870
040006020
806100040
000701200
760200400
035090760
012300900
980010350
000980002

023050940
657948120
048123057
509481230
481230570
006570481
000094812
794012065
012360704

123008046
000940103
000020500
700400035
230780001
460035009
357890602
090010350
010350090

103000006
070986100
906020574
801205049
030709800
049060030
012357008
050090012
090600300

103096070
496570003
000100496
230065001
065080200
700234065
300057800
812309650
057800349

100060509
468500020
070020008
080001004
790234680
204005700
807000340
900046050
046050012

100060007
460090003
807023060
050901200
004008901
971004650
340000710
500712006
010300000

023476895
406000020
890103406
050234768
068001204
234708900
502347089
689500040
040609512

000649070
649508023
578003049
495001030
080006490
206495701
810004907
050812364
300950800

020075096
075096003
806020400
000708061
001030700
750901004
080012000
600047589
307009610

003000080
009087020
480023060
205090801
600070200
070205600
900002050
700300040
050900010

023568497
508400103
497123068
200684970
684901030
971205684
306049702
040702356
012356809

103500060
500904120
964123507
601205809
005870040
070601035
410300706
096402350
008090012

000570084
576904003
904100506
069841230
035709840
801005700
350600402
608402357
002350090

023570948
506948120
948023006
081035769
009401205
235069401
090812000
307090802
812350094

020507690
507004020
690023087
006041200
005800941
901035070
058069400
769012008
000008769

020607809
607800000
009100057
000401206
030078091
091006000
002305004
300780910
084900005

003560000
500089020
409100567
205670091
000800000
890005004
048002300
350700902
002056048

103400800
475806023
000020400
901004008
050061030
200708961
307509602
080600000
010300089

103475908
475968123
960003405
009601234
230009000
600234709
307590802
596012307
802340506

003500860
509067020
067100049
601230008
230098670
090601030
980702050
702350986
350906010

100480900
080076103
976003005
700234859
800060000
204009701
000008590
040507000
597012040

103509060
000004123
700100009
041200800
230090040
800041200
350900000
010308976
006012308

120509408
000408123
078003500
690781235
205094701
080030004
006907802
812006047
940010056

123006948
506048003
040023570
069480035
480000760
230769080
004012057
810357690
357004800

023408069
078560000
000020478
001200080
204705690
085690204
010047806
006902300
347006012

020000059
460859003
809000067
004678501
091004670
070500200
340785000
002300705
005010346

120070409
506480003
009103076
091035060
700800235
005700800
300048902
910350008
048010057

100640978
645978003
070003045
000000409
230050001
459780206
810064597
304007800
090812064

003074060
574060023
800103074
748690200
090030740
230708690
912007480
057486900
006902357

000084690
084600120
097100000
900005040
230806001
006001205
710308400
000400012
460010008

103574689
074089020
689100574
700091035
235700001
891230746
902057008
350068012
468912350

120608005
648975120
005000048
480751006
751230089
030009701
364097012
012304090
000500360

100040809
640050003
850100047
008501006
030400501
091006408
900300705
700900004
360085000

000060780
065789003
789100465
891034600
030050091
057890234
006578002
078900306
012306578

023508074
090600100
070003008
980700000
000080740
041000980
002050007
309807412
800002000

123486095
086700123
005103006
951034067
800951204
230800950
048670510
012300609
670512308

023400050
000850120
057020406
570204008
200060501
060500230
000712349
700000005
349005700

123004008
604098123
700123600
900006007
036007081
547901236
365400012
000802060
810365070

120400785
060085120
785023060
034097000
801030690
690801234
078512300
340008502
012340908

103070400
000408023
000103576
005064000
704981235
901005764
012307649
640810000
057640812

123650900
600080120
080100054
509801206
206049001
000030500
065408712
008010005
702360008

123490600
090670023
078120405
781234956
234050080
006781234
810349560
067810300
349507812

103054078
054970103
908100650
080206509
036540001
049701236
000802065
005490812
812360400

023450789
056080023
780120006
067891204
090030067
234007091
608902340
345078012
900300078

100090070
408675103
605120090
230906051
750034086
906050034
510009060
007510340
349060512

020508067
548067103
067103540
489671205
000480600
671000089
004006012
096000304
710054806

120460705
460095103
095023060
000687951
087051034
951004600
006079512
002046800
809012006

123400509
400589023
589123476
760891234
891004700
200760801
307058012
912307058
608912347

003078095
078005020
605103408
951204706
000050034
004086001
012340809
000060512
869502000

023608079
658479123
470120050
236584000
584701236
090230584
807010305
910065847
365847002

000058407
058490100
407020050
236084001
000030084
004901036
000700305
702300800
005809000

000094680
004000120
007023004
906871205
000005040
005006070
068702009
002059408
309008002

123570009
000680120
089003570
230706090
000005740
746001005
012050000
057460902
400902350

103068490
008090020
400000068
001200604
230604071
680970200
006009700
002056809
840012300

023098560
408067123
567103408
985071004
001234985
234905601
349050712
806002049
012349800

103068700
000009020
740020560
400200687
000001000
235087000
004002306
900006004
056804002

020005900
465908120
070120405
000200050
059081204
234059701
097810346
306507800
800006500

120497065
000805103
065103490
204970000
650004978
978651034
309006012
706512349
512349700

023500409
506409123
079120500
701200064
004701035
035864091
047912308
010300007
308047912

123456080
456009123
000123006
034567890
890200567
067890200
910345078
345678912
008900305

003069748
069040000
700003060
000035007
035000401
607400030
050000000
010306074
970802306

120050000
057489120
080020600
200070090
800230574
074091000
008002305
005008900
010365040

103090680
090087100
607103095
056800004
004950801
870204906
568012000
009000712
002349560

120500049
000049020
040120560
608091030
090030670
035078091
912306000
000080902
080010356

023548076
548976123
076020048
205489700
080760235
061230009
300897612
807012304
012054807

123094806
090870120
076100504
760230900
900701230
235940700
400612300
612300480
009087600

103040907
040900023
067123008
205480071
089670205
070200400
300806010
096700304
012054806

103645900
645087123
007020605
071236409
236000801
009871230
098710364
012004090
064598702

123507480
507400120
086123097
974860205
061205974
035000060
359000610
610359748
700612059

023496708
406008023
050023096
581030900
000067500
067081234
070812349
812049600
009005000

023057896
050806020
896020050
078901200
000034578
230508060
612045789
305700610
009612300

103400509
000009000
060003078
705000234
004785001
090200000
902000006
040850002
050902047

023479605
409605103
605003409
030006051
850034706
096801004
010340960
968012307
307060012

123460708
000700003
790120405
034050001
981034607
600080204
046509802
500800340
012046079

000400870
496075020
805103490
004068001
968751204
050000068
000680500
502009680
687502049

023080409
586479020
470120506
800791230
235864700
701030864
007902350
912058647
308047010

020456080
406080100
789120456
200567090
067800234
891230567
012340600
305678912
078012305

100405090
400000103
890103000
030608070
650000034
070034050
000306500
509702300
340000012

120400659
407659000
009000080
091004876
034806091
006091000
000765010
765000040
910008765

000500080
096007103
407003006
800205064
200060070
064800200
700000600
608700009
050648710

123645980
040900120
907103600
000800000
206459870
870206409
710004090
004508700
598012304

123407600
407685123
085120497
976850234
234976851
001204070
300760510
012049708
068510340

020406075
000070000
870003400
060001234
750004060
004908000
009000502
010300600
607512009

123580064
080904023
964120087
600205870
235870641
879641030
058796400
012058796
706012308

123460950
008950003
000000000
089070030
200600570
001204009
890002000
002340805
300800710

103400798
006098020
700020000
200067981
060900004
981204060
300670810
009800005
802340079

023500004
080964023
964100080
205870040
070640235
641035870
796002350
350796002
400000096

120485096
485700123
006023005
857960204
034857961
001200800
010308070
048500010
579612340

003079580
079586000
586100409
234090860
095800004
001234790
010040950
347900602
950002307

003479586
079086120
586100409
790861234
204790061
861230095
610047058
950012340
347908612

120495780
495700120
006120405
001234900
907061204
234900861
040070000
610349578
578602349

120600809
604079103
009103600
036048701
500701230
790000040
400902305
902365087
065000900

120490056
098700100
006023408
061234980
900060004
004007501
612049000
000000340
040075612

020506090
000400000
490003576
700081230
205004080
080005060
000040000
810350649
009002050

103076985
006985023
985120076
234009001
009051204
851234760
698010340
340608502
510307608

103567004
007004103
890003067
200678041
070000230
941005600
050000002
009010350
412356780

100004009
500800103
009103070
600030000
005040601
708601030
002057480
486002300
000006900

003500004
006094023
004123076
940230768
760900035
005768040
680002057
402357600
007600412

003008075
460970103
970123400
689051200
000034689
234080051
097002306
046897512
000340007

120540609
547680120
009023047
230476801
091005076
406091005
068012300
304068912
902304760

100508600
090070100
600020098
005906700
986700230
000200900
300860002
067400009
010009800

120467589
460500003
589123407
234675891
675890204
001030075
008902306
046750912
912346708

120450900
050006103
076120408
001034500
204509761
500700030
300800610
807612045
610040007

003065970
405070023
970103005
204009000
701200609
009701030
340500002
590010340
010346590

123578060
008960123
960020078
041230789
005089041
780041200
307890002
410050096
806412357

003400067
090860100
807000095
000071234
230950071
670030000
340080010
000010300
702309500

020408607
058600003
090023058
586070004
004086070
001000500
860700005
005809700
700305069

123405680
000600020
680023470
801000050
230706800
700891234
912007560
000500002
068912047

003047005
000000023
805120047
078900236
200470050
901230070
012000789
000780500
089502300

123008905
040005020
000120040
080000000
200089050
750036489
000060897
800502000
364007500

100480056
080050003
056103409
000090560
500000097
897560030
600340000
308900600
070012340

000579680
509004103
004000070
000005700
796841005
200006041
012000008
060412300
057960012

020050060
457009000
000103407
000600230
691004000
004570601
000340706
040700910
706900000

003459607
459087103
680100409
596870234
070034006
230590800
012340900
045968702
908010345

023006000
000900120
008100070
081004009
700001204
030709000
005010307
800340000
307005012

023009768
000068100
068100000
230590601
080000097
007081000
340006002
006810305
800005070

103508049
008000100
640123508
030080401
001035700
786091205
864012307
900057000
300800902

003097064
597004103
064023097
078001235
205908601
601235070
412309006
080402059
050780012

120504700
094768023
768103094
680205907
940080035
035947081
812309076
470812309
050076812

003489605
409600123
605103080
234896700
050230896
090001204
960512300
502340907
308007510

